1234567	서울 강남구	99999999	2021					5	강남구청 인사과			1	2021	2021	30	1									2	0	000100	500	0	0			
1234567	서울 강남구	99999999	1990					3	경기도 안양시			5	1990	1995	40	3									2	1	00666	984	0	0			
5555444	경기 안양시	99999999	2021					5	강남구청 인사과			1	2021	2021	30	1									2	0	000100	500	0	0			
0000001	서울특별시 마포구 상수동 와우산로 94 홍익대학교	99999999	2024					5	강남구청 인사과 안녕하세요 인사과입니다 안뇽뇽			1	2024	2024	30	1									2	0	000400	500	0	0			
0000001	서울특별시 마포구 상수동 와우산로 94 홍익대학교	99999999	2025					3	안양시청 실내수영장 10월 일정표			1	2025	2025	30	1									2	0	000500	500	0	0			
1234567	서울 강남구	99999999	2000					10	금천구청 ...			1	2000	2001	30	1									2	0	000600	600	0	0			
5555444	경기 안양시	99999999	1999					8	경기도 ...			1	1999	1999	30	1									2	0	000700	700	0	0			
1234567	서울 강남구	99999999	2021					5	강남구청 인사과			1	2021	2021	30	1									2	0	000100	500	0	0			
1234567	서울 강남구	99999999	1990					3	경기도 안양시			5	1990	1995	40	3									2	1	00666	984	0	0			
5555444	경기 안양시	99999999	2021					5	강남구청 인사과			1	2021	2021	30	1									2	0	000100	500	0	0			
0000001	서울특별시 마포구 상수동 와우산로 94 홍익대학교	99999999	2024					5	강남구청 인사과 안녕하세요 인사과입니다 안뇽뇽			1	2024	2024	30	1									2	0	000400	500	0	0			
0000001	서울특별시 마포구 상수동 와우산로 94 홍익대학교	99999999	2025					3	안양시청 실내수영장 10월 일정표			1	2025	2025	30	1									2	0	000500	500	0	0			
1234567	서울 강남구	99999999	2000					10	금천구청 ...			1	2000	2001	30	1									2	0	000600	600	0	0			
5555444	경기 안양시	99999999	1999					8	경기도 ...			1	1999	1999	30	1									2	0	000700	700	0	0			
